KBBBvKBP 18341092512 0.000 0.546
KBBBvKNP 20108436384 0.000 0.588
KBBBvKPP 5665031328 0.000 0.62
KBBBvKQP 25687723168 0.000 0.745
KBBBvKRP 33829337824 0.000 0.606
KBBNvKBP 81162518752 0.006 0.613
KBBNvKNP 85188727776 0.003 0.585
KBBNvKPP 16422735648 0.002 0.598
KBBNvKQP 69066887072 0.003 0.791
KBBNvKRP 83210464416 0.017 0.621
KBBPvKBB 10931591520 0.047 0.413
KBBPvKBN 49509466848 0.101 0.471
KBBPvKBP 45962966624 0.207 0.632
KBBPvKNN 40959832096 0.022 0.5
KBBPvKNP 51765093728 0.093 0.624
KBBPvKPP 11260067424 0.067 0.697
KBBPvKQB 40808394144 0.001 0.622
KBBPvKQN 45987344160 0.001 0.719
KBBPvKQP 28165208672 0.018 0.769
KBBPvKQQ 3767384160 0.000 0.226
KBBPvKQR 19941339232 0.001 0.526
KBBPvKRB 46365334560 0.070 0.611
KBBPvKRN 97565855648 0.026 0.705
KBBPvKRP 53445167904 0.207 0.702
KBBPvKRR 49308723232 0.005 0.672
KBNNvKBP 113072288288 0.004 0.637
KBNNvKNP 100630990944 0.003 0.625
KBNNvKPP 18439750112 0.003 0.637
KBNNvKQP 59724767648 0.003 0.765
KBNNvKRP 31855835616 0.017 0.544
KBNPvKBB 26736286048 0.147 0.495
KBNPvKBN 66292806944 0.153 0.465
KBNPvKBP 119330128608 0.367 0.673
KBNPvKNN 38762689952 0.039 0.486
KBNPvKNP 111454151136 0.222 0.656
KBNPvKPP 20672875360 0.150 0.745
KBNPvKQB 67403905504 0.005 0.655
KBNPvKQN 76799207264 0.002 0.699
KBNPvKQP 46325732384 0.051 0.758
KBNPvKQQ 5586137568 0.000 0.204
KBNPvKQR 34207987040 0.003 0.52
KBNPvKRB 206406523808 0.154 0.704
KBNPvKRN 120831545888 0.072 0.657
KBNPvKRP 115806970016 0.690 0.745
KBNPvKRR 89270813728 0.019 0.674
KBPPvKBB 11359901664 0.119 0.521
KBPPvKBN 29264782304 0.196 0.576
KBPPvKBP 36307670304 5.142 0.716
KBPPvKNN 14739135712 0.040 0.527
KBPPvKNP 35198954656 2.580 0.705
KBPPvKPP 9032415840 1.693 0.792
KBPPvKQB 21953189472 0.029 0.608
KBPPvKQN 25150634336 0.017 0.673
KBPPvKQP 16766174240 0.166 0.726
KBPPvKQQ 2132067296 0.002 0.199
KBPPvKQR 9756273312 0.027 0.469
KBPPvKRB 67369598304 0.314 0.779
KBPPvKRN 76604751008 0.157 0.821
KBPPvKRP 44466003168 2.419 0.842
KBPPvKRR 21878758048 0.071 0.668
KNNNvKBP 46834722784 0.000 0.645
KNNNvKNP 44272474144 0.000 0.655
KNNNvKPP 9443692064 0.000 0.673
KNNNvKQP 20667693216 0.000 0.698
KNNNvKRP 10576329184 0.000 0.521
KNNPvKBB 20309792160 0.032 0.526
KNNPvKBN 24984684320 0.047 0.43
KNNPvKBP 76708454624 0.073 0.698
KNNPvKNN 12033003552 0.022 0.442
KNNPvKNP 70786940896 0.076 0.679
KNNPvKPP 16866076640 0.035 0.783
KNNPvKQB 31597081824 0.001 0.595
KNNPvKQN 37491611488 0.001 0.615
KNNPvKQP 25679575392 0.014 0.701
KNNPvKQQ 3025794336 0.000 0.217
KNNPvKQR 16574034016 0.001 0.413
KNNPvKRB 125088416672 0.025 0.68
KNNPvKRN 65470259168 0.026 0.619
KNNPvKRP 47967299168 0.154 0.679
KNNPvKRR 38199292576 0.006 0.561
KNPPvKBB 36809069792 0.068 0.691
KNPPvKBN 29669131616 0.150 0.574
KNPPvKBP 38059988960 2.784 0.763
KNPPvKNN 11065765664 0.058 0.514
KNPPvKNP 35623630880 2.617 0.741
KNPPvKPP 11240330720 1.259 0.848
KNPPvKQB 20250441376 0.019 0.587
KNPPvKQN 24846301792 0.014 0.633
KNPPvKQP 15462244640 0.125 0.685
KNPPvKQQ 1840540128 0.002 0.182
KNPPvKQR 9311660576 0.024 0.428
KNPPvKRB 60191475872 0.208 0.761
KNPPvKRN 67339124064 0.159 0.799
KNPPvKRP 42042357216 1.654 0.83
KNPPvKRR 19231032992 0.057 0.623
KPPPvKBB 5922246112 0.030 0.762
KPPPvKBN 16009334624 0.080 0.895
KPPPvKBP 9022241632 1.299 0.881
KPPPvKNN 7354598560 0.028 0.692
KPPPvKNP 7581214880 0.996 0.844
KPPPvKPP 2196670624 4.436 0.886
KPPPvKQB 4550189408 0.037 0.553
KPPPvKQN 5167328352 0.024 0.597
KPPPvKQP 3019061792 0.254 0.637
KPPPvKQQ 481373536 0.007 0.176
KPPPvKQR 1768668128 0.031 0.374
KPPPvKRB 9358233632 0.117 0.797
KPPPvKRN 11453607136 0.087 0.84
KPPPvKRP 6479421728 1.045 0.888
KPPPvKRR 3074493408 0.034 0.587
KQBBvKBP 16957473184 0.001 0.345
KQBBvKNP 13604969440 0.001 0.284
KQBBvKPP 3551208736 0.002 0.276
KQBBvKQP 82167416480 0.001 0.755
KQBBvKRP 21886110496 0.000 0.408
KQBNvKBP 27236913312 0.003 0.352
KQBNvKNP 23266808928 0.002 0.327
KQBNvKPP 6808027680 0.006 0.262
KQBNvKQP 152331284768 0.008 0.774
KQBNvKRP 39669022368 0.004 0.448
KQBPvKBB 10435224800 0.002 0.355
KQBPvKBN 18039673952 0.004 0.332
KQBPvKBP 14475724128 0.077 0.359
KQBPvKNN 8916468896 0.001 0.306
KQBPvKNP 13027270432 0.050 0.32
KQBPvKPP 4329369120 0.121 0.295
KQBPvKQB 125376730976 0.077 0.748
KQBPvKQN 133339790432 0.054 0.748
KQBPvKQP 103104549920 0.278 0.789
KQBPvKQQ 49463547168 0.001 0.788
KQBPvKQR 164562874784 0.048 0.855
KQBPvKRB 45329597344 0.014 0.657
KQBPvKRN 36815019872 0.008 0.613
KQBPvKRP 21658449632 0.067 0.563
KQBPvKRR 50446961696 0.015 0.75
KQNNvKBP 20252042400 0.001 0.397
KQNNvKNP 17977221664 0.000 0.374
KQNNvKPP 4906299232 0.001 0.342
KQNNvKQP 104076297056 0.003 0.768
KQNNvKRP 30736310496 0.001 0.505
KQNPvKBB 10430740256 0.001 0.486
KQNPvKBN 17373233952 0.002 0.345
KQNPvKBP 15432102176 0.047 0.408
KQNPvKNN 8827969824 0.001 0.318
KQNPvKNP 14965152992 0.033 0.367
KQNPvKPP 4971669344 0.065 0.349
KQNPvKQB 111648091616 0.058 0.74
KQNPvKQN 122319872288 0.046 0.742
KQNPvKQP 113225336416 0.209 0.802
KQNPvKQQ 41295468064 0.002 0.745
KQNPvKQR 154206639072 0.043 0.842
KQNPvKRB 44617979488 0.009 0.684
KQNPvKRN 38878331808 0.006 0.651
KQNPvKRP 25446931680 0.042 0.61
KQNPvKRR 68075621408 0.013 0.783
KQPPvKBB 3013790048 0.005 0.496
KQPPvKBN 6262334880 0.020 0.531
KQPPvKBP 4181213536 0.190 0.491
KQPPvKNN 3275116896 0.006 0.363
KQPPvKNP 4308777376 0.131 0.426
KQPPvKPP 2542748704 0.811 0.397
KQPPvKQB 42038818464 0.223 0.745
KQPPvKQN 43003432032 0.176 0.74
KQPPvKQP 35558381536 2.795 0.818
KQPPvKQQ 12348548960 0.017 0.723
KQPPvKQR 52966154080 0.104 0.865
KQPPvKRB 19312163424 0.136 0.714
KQPPvKRN 16592660384 0.100 0.681
KQPPvKRP 8515997088 0.476 0.683
KQPPvKRR 26206604128 0.207 0.823
KQQBvKBP 4466485024 0.001 0.0694
KQQBvKNP 4185351392 0.001 0.063
KQQBvKPP 1211328800 0.005 0.0751
KQQBvKQP 18816659296 0.001 0.417
KQQBvKRP 5476150688 0.001 0.116
KQQNvKBP 4527642272 0.000 0.0772
KQQNvKNP 4234530848 0.000 0.0708
KQQNvKPP 1354141536 0.002 0.084
KQQNvKQP 18970810336 0.001 0.445
KQQNvKRP 5692729888 0.001 0.134
KQQPvKBB 2304028960 0.000 0.0633
KQQPvKBN 3730108512 0.001 0.0516
KQQPvKBP 2623560480 0.006 0.0804
KQQPvKNN 1907943712 0.000 0.0384
KQQPvKNP 2428874016 0.005 0.0716
KQQPvKPP 710673120 0.036 0.0855
KQQPvKQB 35469354080 0.001 0.495
KQQPvKQN 27731741088 0.002 0.45
KQQPvKQP 14085274336 0.021 0.468
KQQPvKQQ 28671257120 0.002 0.919
KQQPvKQR 51906578464 0.001 0.822
KQQPvKRB 7698011040 0.001 0.163
KQQPvKRN 5760250144 0.001 0.145
KQQPvKRP 3784371680 0.008 0.165
KQQPvKRR 8224841632 0.001 0.387
KQQQvKBP 981822368 0.000 0.0221
KQQQvKNP 919307360 0.000 0.0184
KQQQvKPP 218467552 0.000 0.0272
KQQQvKQP 2772630688 0.000 0.146
KQQQvKRP 1131727776 0.000 0.0551
KQQRvKBP 3164603360 0.000 0.0396
KQQRvKNP 3043328992 0.001 0.0346
KQQRvKPP 891162656 0.005 0.0359
KQQRvKQP 10179080992 0.001 0.216
KQQRvKRP 3710885984 0.001 0.0825
KQRBvKBP 13325089248 0.004 0.138
KQRBvKNP 12125048864 0.003 0.122
KQRBvKPP 4454186784 0.012 0.138
KQRBvKQP 79523378208 0.004 0.649
KQRBvKRP 21562815072 0.009 0.329
KQRNvKBP 13312147872 0.001 0.164
KQRNvKNP 12335354016 0.002 0.141
KQRNvKPP 4563473376 0.008 0.157
KQRNvKQP 84086828832 0.005 0.675
KQRNvKRP 24908755744 0.007 0.352
KQRPvKBB 6264921760 0.001 0.281
KQRPvKBN 10876735328 0.003 0.245
KQRPvKBP 6916733216 0.034 0.205
KQRPvKNN 5178842080 0.001 0.213
KQRPvKNP 6405600992 0.028 0.175
KQRPvKPP 2370844896 0.101 0.184
KQRPvKQB 124077630432 0.027 0.777
KQRPvKQN 113314735136 0.025 0.749
KQRPvKQP 59170085536 0.105 0.734
KQRPvKQQ 58692186592 0.003 0.918
KQRPvKQR 149845720736 0.041 0.934
KQRPvKRB 25324725792 0.010 0.367
KQRPvKRN 21459984480 0.009 0.342
KQRPvKRP 12540346272 0.097 0.381
KQRPvKRR 32519545696 0.005 0.695
KQRRvKBP 5415700704 0.001 0.0909
KQRRvKNP 5001436320 0.001 0.0716
KQRRvKPP 1529281376 0.003 0.073
KQRRvKQP 23111714656 0.002 0.422
KQRRvKRP 6726701792 0.003 0.147
KRBBvKBP 47339031520 0.005 0.439
KRBBvKNP 30424476832 0.004 0.386
KRBBvKPP 9010951712 0.005 0.401
KRBBvKQP 70220286816 0.014 0.783
KRBBvKRP 78026754144 0.017 0.555
KRBNvKBP 82586487840 0.014 0.452
KRBNvKNP 70250804512 0.009 0.442
KRBNvKPP 17937895008 0.013 0.415
KRBNvKQP 143694856864 0.053 0.803
KRBNvKRP 166924752032 0.072 0.59
KRBPvKBB 56816840928 0.045 0.446
KRBPvKBN 82691826144 0.130 0.395
KRBPvKBP 41686147424 0.506 0.497
KRBPvKNN 33659969952 0.021 0.346
KRBPvKNP 34017242720 0.286 0.46
KRBPvKPP 13661430304 0.281 0.494
KRBPvKQB 135652236640 0.018 0.815
KRBPvKQN 151553360672 0.010 0.842
KRBPvKQP 108153157152 0.383 0.844
KRBPvKQQ 16746422624 0.001 0.414
KRBPvKQR 75952344544 0.011 0.711
KRBPvKRB 103182086624 1.333 0.639
KRBPvKRN 114095102496 0.919 0.636
KRBPvKRP 92450126624 2.679 0.678
KRBPvKRR 45281335264 0.305 0.707
KRNNvKBP 52841705824 0.003 0.493
KRNNvKNP 48186329568 0.002 0.458
KRNNvKPP 12166336032 0.003 0.48
KRNNvKQP 68756977760 0.011 0.771
KRNNvKRP 101650893088 0.021 0.623
KRNPvKBB 75476693792 0.030 0.545
KRNPvKBN 105143167264 0.065 0.426
KRNPvKBP 48672037664 0.266 0.548
KRNPvKNN 41734853920 0.019 0.388
KRNPvKNP 40815306272 0.224 0.508
KRNPvKPP 16178449440 0.169 0.55
KRNPvKQB 114022996064 0.012 0.796
KRNPvKQN 132439476448 0.009 0.822
KRNPvKQP 96092383456 0.273 0.835
KRNPvKQQ 12992490912 0.001 0.38
KRNPvKQR 64149930272 0.011 0.677
KRNPvKRB 94521718752 0.963 0.639
KRNPvKRN 103315045408 0.885 0.64
KRNPvKRP 107389630560 2.035 0.711
KRNPvKRR 55718938464 0.248 0.713
KRPPvKBB 22590435040 0.102 0.593
KRPPvKBN 41676590560 0.292 0.608
KRPPvKBP 15676716320 1.478 0.633
KRPPvKNN 17434055264 0.076 0.482
KRPPvKNP 13208382112 1.027 0.573
KRPPvKPP 6182011616 1.769 0.642
KRPPvKQB 33020168032 0.029 0.777
KRPPvKQN 40064059424 0.020 0.806
KRPPvKQP 24971825120 0.580 0.83
KRPPvKQQ 3600732640 0.004 0.327
KRPPvKQR 15227623264 0.046 0.662
KRPPvKRB 34564850144 1.721 0.671
KRPPvKRN 34391025504 1.499 0.667
KRPPvKRP 32706081440 20.912 0.776
KRPPvKRR 26016965920 0.415 0.828
KRRBvKBP 12503681696 0.004 0.234
KRRBvKNP 11293211552 0.002 0.209
KRRBvKPP 4294621856 0.006 0.219
KRRBvKQP 106538465632 0.034 0.807
KRRBvKRP 33317842016 0.025 0.441
KRRNvKBP 13355264032 0.002 0.271
KRRNvKNP 12150191904 0.002 0.235
KRRNvKPP 4695847456 0.004 0.25
KRRNvKQP 110897583584 0.023 0.823
KRRNvKRP 39831524448 0.018 0.468
KRRPvKBB 10012311264 0.002 0.364
KRRPvKBN 14901184544 0.009 0.32
KRRPvKBP 10291444960 0.071 0.359
KRRPvKNN 5840661664 0.002 0.279
KRRPvKNP 9075791968 0.046 0.305
KRRPvKPP 4640956000 0.064 0.333
KRRPvKQB 91782936480 0.014 0.889
KRRPvKQN 105412624352 0.009 0.866
KRRPvKQP 50835342688 0.380 0.825
KRRPvKQQ 14496830688 0.001 0.571
KRRPvKQR 58250432544 0.008 0.841
KRRPvKRB 50499821472 0.187 0.473
KRRPvKRN 40191343456 0.166 0.443
KRRPvKRP 18836593120 0.666 0.522
KRRPvKRR 31020445152 0.537 0.784
KRRRvKBP 2898027104 0.000 0.159
KRRRvKNP 2462282144 0.000 0.124
KRRRvKPP 935118432 0.000 0.131
KRRRvKQP 22542670368 0.000 0.593
KRRRvKRP 4448762720 0.000 0.231
KBBBvKBB 609491296 0.000 0.29
KBBBvKBN 7282432480 0.000 0.462
KBBBvKNN 5466191712 0.000 0.493
KBBBvKQB 6707537184 0.000 0.563
KBBBvKQN 7318447648 0.000 0.744
KBBBvKQQ 750268576 0.000 0.269
KBBBvKQR 3555490848 0.000 0.602
KBBBvKRB 1662986464 0.000 0.362
KBBBvKRN 5089019744 0.000 0.563
KBBBvKRR 2852332448 0.000 0.622
KBBNvKBB 3357012704 0.001 0.372
KBBNvKBN 38282505248 0.004 0.488
KBBNvKNN 17666443680 0.001 0.5
KBBNvKQB 15968029472 0.000 0.627
KBBNvKQN 17294413152 0.000 0.742
KBBNvKQQ 1440409312 0.000 0.246
KBBNvKQR 8105543712 0.000 0.539
KBBNvKRB 8769912224 0.005 0.51
KBBNvKRN 9803800928 0.002 0.501
KBBNvKRR 10802172512 0.000 0.599
KBNNvKBB 11337237408 0.001 0.459
KBNNvKBN 7862413664 0.003 0.409
KBNNvKNN 6252564768 0.000 0.435
KBNNvKQB 12770352224 0.000 0.65
KBNNvKQN 15465154464 0.000 0.696
KBNNvKQQ 1267399904 0.000 0.246
KBNNvKQR 6443111968 0.000 0.422
KBNNvKRB 16197297632 0.005 0.568
KBNNvKRN 5803866144 0.004 0.441
KBNNvKRR 12549533920 0.001 0.504
KNNNvKBB 592250720 0.000 0.329
KNNNvKBN 1080084832 0.000 0.346
KNNNvKNN 798293024 0.000 0.371
KNNNvKQB 4941092320 0.000 0.571
KNNNvKQN 6059858912 0.000 0.644
KNNNvKQQ 546112032 0.000 0.295
KNNNvKQR 2593711776 0.000 0.415
KNNNvKRB 7135550304 0.000 0.559
KNNNvKRN 1844353568 0.000 0.433
KNNNvKRR 4285845728 0.000 0.502
KQBBvKBB 4216186080 0.000 0.369
KQBBvKBN 6619511840 0.000 0.337
KQBBvKNN 2993831840 0.000 0.299
KQBBvKQB 24159208800 0.001 0.753
KQBBvKQN 26649719712 0.001 0.75
KQBBvKQQ 10413938592 0.000 0.816
KQBBvKQR 25221732192 0.000 0.823
KQBBvKRB 10743736480 0.000 0.436
KQBBvKRN 9668792288 0.000 0.485
KQBBvKRR 8131943712 0.000 0.668
KQBNvKBB 7695190432 0.001 0.376
KQBNvKBN 11856130912 0.000 0.358
KQBNvKNN 5181186976 0.000 0.344
KQBNvKQB 54634759840 0.003 0.763
KQBNvKQN 58866250272 0.002 0.754
KQBNvKQQ 17069884960 0.000 0.8
KQBNvKQR 47032804128 0.003 0.831
KQBNvKRB 21526926688 0.001 0.582
KQBNvKRN 17667824800 0.001 0.462
KQBNvKRR 17276453600 0.001 0.704
KQNNvKBB 4866208992 0.000 0.396
KQNNvKBN 7457701472 0.000 0.366
KQNNvKNN 3694025696 0.000 0.353
KQNNvKQB 22694983840 0.001 0.735
KQNNvKQN 23502181984 0.000 0.729
KQNNvKQQ 8205057376 0.000 0.699
KQNNvKQR 22551147104 0.002 0.798
KQNNvKRB 14138362784 0.000 0.669
KQNNvKRN 12079046688 0.000 0.507
KQNNvKRR 13480583904 0.000 0.739
KQQBvKBB 828184608 0.000 0.0545
KQQBvKBN 1545629600 0.000 0.0419
KQQBvKNN 747012064 0.000 0.036
KQQBvKQB 9487161632 0.000 0.469
KQQBvKQN 7982101664 0.000 0.432
KQQBvKQQ 7833156256 0.000 0.872
KQQBvKQR 12945653600 0.000 0.634
KQQBvKRB 2155142176 0.000 0.12
KQQBvKRN 1863234656 0.000 0.0958
KQQBvKRR 1624147744 0.000 0.223
KQQNvKBB 846834720 0.000 0.0638
KQQNvKBN 1608113568 0.000 0.0431
KQQNvKNN 772522656 0.000 0.038
KQQNvKQB 9518412768 0.000 0.483
KQQNvKQN 8224169568 0.000 0.449
KQQNvKQQ 8260613088 0.000 0.881
KQQNvKQR 13254958048 0.000 0.68
KQQNvKRB 2224963168 0.000 0.129
KQQNvKRN 1911060512 0.000 0.107
KQQNvKRR 2077650080 0.000 0.286
KQQQvKBB 194476576 0.000 0.0152
KQQQvKBN 369449568 0.000 0.00803
KQQQvKNN 183400608 0.000 0.00828
KQQQvKQB 1275293536 0.000 0.202
KQQQvKQN 980251744 0.000 0.157
KQQQvKQQ 2080297056 0.000 0.676
KQQQvKQR 2171256032 0.000 0.388
KQQQvKRB 485001184 0.000 0.0537
KQQQvKRN 403522464 0.000 0.0431
KQQQvKRR 325977376 0.000 0.121
KQQRvKBB 635350112 0.000 0.0441
KQQRvKBN 1165177568 0.000 0.0335
KQQRvKNN 551068384 0.000 0.0296
KQQRvKQB 6602541344 0.000 0.334
KQQRvKQN 4153266912 0.000 0.278
KQQRvKQQ 6632386336 0.000 0.829
KQQRvKQR 10897398496 0.000 0.552
KQQRvKRB 1640075744 0.000 0.0923
KQQRvKRN 1374429088 0.000 0.0742
KQQRvKRR 1192160992 0.000 0.197
KQRBvKBB 3093347296 0.000 0.249
KQRBvKBN 5136312032 0.000 0.15
KQRBvKNN 2347125664 0.000 0.0665
KQRBvKQB 36410103456 0.001 0.731
KQRBvKQN 34015046944 0.001 0.701
KQRBvKQQ 20086851936 0.000 0.91
KQRBvKQR 40647992608 0.003 0.834
KQRBvKRB 10784786720 0.001 0.354
KQRBvKRN 9046612384 0.001 0.331
KQRBvKRR 8319262432 0.000 0.473
KQRNvKBB 3141975328 0.000 0.214
KQRNvKBN 5477839328 0.000 0.222
KQRNvKNN 2323042784 0.000 0.188
KQRNvKQB 36555906208 0.001 0.752
KQRNvKQN 33724994656 0.001 0.725
KQRNvKQQ 18481509344 0.000 0.897
KQRNvKQR 44594186272 0.002 0.865
KQRNvKRB 11305175776 0.002 0.367
KQRNvKRN 9550158304 0.001 0.345
KQRNvKRR 10916112160 0.000 0.529
KQRRvKBB 1002327072 0.000 0.0824
KQRRvKBN 1891231008 0.000 0.0625
KQRRvKNN 830503520 0.000 0.0502
KQRRvKQB 13038422880 0.000 0.632
KQRRvKQN 10790939808 0.000 0.529
KQRRvKQQ 7012038368 0.000 0.936
KQRRvKQR 16601110560 0.000 0.799
KQRRvKRB 3301639008 0.000 0.259
KQRRvKRN 2587329056 0.000 0.211
KQRRvKRR 2701241824 0.000 0.362
KRBBvKBB 15058897888 0.001 0.444
KRBBvKBN 20957541984 0.002 0.366
KRBBvKNN 7700364512 0.000 0.299
KRBBvKQB 36472654688 0.002 0.824
KRBBvKQN 35880239456 0.001 0.851
KRBBvKQQ 5072450720 0.000 0.472
KRBBvKQR 20155328480 0.000 0.721
KRBBvKRB 29564047968 0.018 0.52
KRBBvKRN 31673368864 0.011 0.571
KRBBvKRR 5888606624 0.004 0.586
KRBNvKBB 26387953504 0.002 0.434
KRBNvKBN 42543571744 0.005 0.401
KRBNvKNN 17173039712 0.001 0.368
KRBNvKQB 57387437280 0.004 0.813
KRBNvKQN 84164059360 0.003 0.837
KRBNvKQQ 7286802784 0.000 0.442
KRBNvKQR 32867896096 0.001 0.703
KRBNvKRB 100973600032 0.049 0.624
KRBNvKRN 113770221280 0.032 0.539
KRBNvKRR 10687522592 0.024 0.602
KRNNvKBB 15732364384 0.001 0.441
KRNNvKBN 26719144736 0.001 0.419
KRNNvKNN 12264602016 0.000 0.392
KRNNvKQB 23483770464 0.001 0.783
KRNNvKQN 24178480224 0.001 0.791
KRNNvKQQ 3452633248 0.000 0.419
KRNNvKQR 16184873952 0.001 0.655
KRNNvKRB 44388218272 0.010 0.668
KRNNvKRN 55088395104 0.010 0.569
KRNNvKRR 5595073120 0.008 0.596
KRRBvKBB 4026677024 0.000 0.327
KRRBvKBN 6151433184 0.001 0.2
KRRBvKNN 2407782944 0.000 0.0877
KRRBvKQB 23872872608 0.005 0.854
KRRBvKQN 24800513504 0.004 0.826
KRRBvKQQ 7195678752 0.000 0.736
KRRBvKQR 23253319200 0.002 0.829
KRRBvKRB 17914943712 0.007 0.461
KRRBvKRN 15205663648 0.009 0.434
KRRBvKRR 17011066848 0.028 0.555
KRRNvKBB 4530398176 0.000 0.281
KRRNvKBN 6893756192 0.000 0.292
KRRNvKNN 2727329440 0.000 0.248
KRRNvKQB 25110755360 0.003 0.861
KRRNvKQN 25308914784 0.003 0.836
KRRNvKQQ 6713383136 0.000 0.7
KRRNvKQR 21898601568 0.002 0.816
KRRNvKRB 20644435872 0.007 0.471
KRRNvKRN 17951217760 0.005 0.445
KRRNvKRR 18022250912 0.026 0.602
KRRRvKBB 612954144 0.000 0.115
KRRRvKBN 1047632032 0.000 0.088
KRRRvKNN 470930528 0.000 0.0688
KRRRvKQB 9599322080 0.000 0.835
KRRRvKQN 8915322848 0.000 0.721
KRRRvKQQ 2959152800 0.000 0.834
KRRRvKQR 7863253600 0.000 0.913
KRRRvKRB 2845742304 0.000 0.38
KRRRvKRN 2054548128 0.000 0.317
KRRRvKRR 2273577824 0.000 0.486
KBBBBvKP 2114633504 0.000 0.397
KBBBNvKP 8270419680 0.000 0.221
KBBBPvKB 8592513056 0.000 0.405
KBBBPvKN 6409889376 0.000 0.248
KBBBPvKP 4034298720 0.000 0.308
KBBBPvKQ 33613994976 0.000 0.804
KBBBPvKR 14584159904 0.000 0.433
KBBNNvKP 10875704416 0.000 0.225
KBBNPvKB 15607209120 0.004 0.227
KBBNPvKN 4175198368 0.002 0.106
KBBNPvKP 10103499552 0.003 0.278
KBBNPvKQ 107185113248 0.004 0.823
KBBNPvKR 42860759392 0.010 0.371
KBBPPvKB 7453537440 0.043 0.344
KBBPPvKN 2039335648 0.026 0.164
KBBPPvKP 3692262112 0.044 0.386
KBBPPvKQ 35954536672 0.012 0.863
KBBPPvKR 17226544544 0.067 0.434
KBNNNvKP 8675484064 0.000 0.214
KBNNPvKB 5614667424 0.003 0.147
KBNNPvKN 4838752352 0.001 0.139
KBNNPvKP 11578784096 0.002 0.289
KBNNPvKQ 101863668640 0.005 0.816
KBNNPvKR 61017167648 0.006 0.438
KBNPPvKB 3144915424 0.078 0.189
KBNPPvKN 1879364704 0.049 0.134
KBNPPvKP 8116718880 0.078 0.396
KBNPPvKQ 69544949280 0.031 0.858
KBNPPvKR 34855119840 0.197 0.415
KBPPPvKB 2300973728 0.493 0.284
KBPPPvKN 928374944 0.248 0.174
KBPPPvKP 1631145120 0.420 0.498
KBPPPvKQ 12673612256 0.043 0.863
KBPPPvKR 9586718176 0.435 0.573
KNNNNvKP 2061865568 0.000 0.238
KNNNPvKB 3974118752 0.000 0.22
KNNNPvKN 2592160032 0.000 0.205
KNNNPvKP 4435522080 0.000 0.297
KNNNPvKQ 30976273696 0.000 0.757
KNNNPvKR 30156565216 0.000 0.495
KNNPPvKB 3147183776 0.016 0.228
KNNPPvKN 3190076128 0.014 0.22
KNNPPvKP 4197665440 0.018 0.402
KNNPPvKQ 34607892192 0.007 0.821
KNNPPvKR 26375233568 0.040 0.501
KNPPPvKB 2112546848 0.260 0.257
KNPPPvKN 1368498528 0.252 0.206
KNPPPvKP 1920909728 0.295 0.546
KNPPPvKQ 12524341216 0.038 0.849
KNPPPvKR 10045711840 0.350 0.592
KPPPPvKB 707585760 0.096 0.337
KPPPPvKN 504771296 0.073 0.27
KPPPPvKP 346849632 0.379 0.614
KPPPPvKQ 1798072800 0.035 0.825
KPPPPvKR 2411380768 0.199 0.867
KQBBBvKP 3286845856 0.000 0.139
KQBBNvKP 8707083360 0.000 0.0788
KQBBPvKB 6133310944 0.001 0.159
KQBBPvKN 5315002976 0.001 0.087
KQBBPvKP 2382452832 0.006 0.107
KQBBPvKQ 28057867488 0.001 0.585
KQBBPvKR 7443575392 0.001 0.216
KQBNNvKP 9252400160 0.000 0.0862
KQBNPvKB 8989802464 0.003 0.0621
KQBNPvKN 8289043872 0.002 0.0518
KQBNPvKP 4568255520 0.013 0.11
KQBNPvKQ 55657561504 0.004 0.611
KQBNPvKR 11842230688 0.003 0.197
KQBPPvKB 2395426208 0.035 0.132
KQBPPvKN 2483433824 0.017 0.0765
KQBPPvKP 999953952 0.142 0.133
KQBPPvKQ 24157849952 0.075 0.654
KQBPPvKR 3812823520 0.042 0.243
KQNNNvKP 3137581216 0.000 0.107
KQNNPvKB 4935025376 0.001 0.121
KQNNPvKN 5072710304 0.000 0.127
KQNNPvKP 2667899872 0.003 0.12
KQNNPvKQ 32969353376 0.001 0.586
KQNNPvKR 7582721568 0.001 0.291
KQNPPvKB 2198389152 0.018 0.125
KQNPPvKN 2205424736 0.013 0.1
KQNPPvKP 1051582688 0.069 0.158
KQNPPvKQ 25415206304 0.059 0.672
KQNPPvKR 3995516256 0.026 0.27
KQPPPvKB 391109216 0.053 0.152
KQPPPvKN 450688416 0.037 0.116
KQPPPvKP 255093920 0.348 0.186
KQPPPvKQ 8380144480 0.362 0.699
KQPPPvKR 1008983008 0.156 0.432
KQQBBvKP 2245711712 0.000 0.0539
KQQBNvKP 4698527712 0.000 0.0513
KQQBPvKB 3356184480 0.001 0.0144
KQQBPvKN 3081493024 0.001 0.0185
KQQBPvKP 1678823072 0.013 0.0499
KQQBPvKQ 12783333344 0.001 0.19
KQQBPvKR 4709230944 0.001 0.0477
KQQNNvKP 2650958240 0.000 0.0512
KQQNPvKB 3433476832 0.000 0.0127
KQQNPvKN 3066469600 0.001 0.0172
KQQNPvKP 1637178144 0.007 0.0486
KQQNPvKQ 12700681952 0.001 0.203
KQQNPvKR 4634296672 0.001 0.0523
KQQPPvKB 1102137056 0.003 0.0122
KQQPPvKN 945538528 0.002 0.0151
KQQPPvKP 430295904 0.040 0.0481
KQQPPvKQ 6033825184 0.005 0.22
KQQPPvKR 1631464544 0.004 0.0581
KQQQBvKP 936365088 0.000 0.0626
KQQQNvKP 969326496 0.000 0.0601
KQQQPvKB 972848864 0.000 0.0225
KQQQPvKN 857074848 0.000 0.0254
KQQQPvKP 523691104 0.001 0.0581
KQQQPvKQ 3481764960 0.000 0.152
KQQQPvKR 1405170016 0.000 0.0394
KQQQQvKP 192257632 0.000 0.0708
KQQQRvKP 804259936 0.000 0.0659
KQQRBvKP 3693169632 0.001 0.0562
KQQRNvKP 3981041248 0.000 0.0539
KQQRPvKB 3060130848 0.001 0.0193
KQQRPvKN 2705657312 0.001 0.0202
KQQRPvKP 1577809184 0.009 0.0517
KQQRPvKQ 11027623200 0.001 0.163
KQQRPvKR 4071822624 0.002 0.0456
KQQRRvKP 1607185824 0.000 0.0599
KQRBBvKP 6579248544 0.001 0.0593
KQRBNvKP 13806633696 0.002 0.0578
KQRBPvKB 7669160800 0.005 0.0195
KQRBPvKN 7101666464 0.004 0.0157
KQRBPvKP 4205891296 0.030 0.0598
KQRBPvKQ 43659447584 0.003 0.372
KQRBPvKR 11483153696 0.012 0.0758
KQRNNvKP 7538430816 0.000 0.0629
KQRNPvKB 8177548192 0.003 0.018
KQRNPvKN 7013975712 0.003 0.0159
KQRNPvKP 4025792928 0.020 0.064
KQRNPvKQ 44999048608 0.002 0.415
KQRNPvKR 11127456352 0.008 0.095
KQRPPvKB 2068886688 0.010 0.0177
KQRPPvKN 1720141024 0.011 0.0141
KQRPPvKP 922629216 0.116 0.0811
KQRPPvKQ 18834201312 0.031 0.54
KQRPPvKR 3704830688 0.048 0.119
KQRRBvKP 5379663136 0.001 0.0501
KQRRNvKP 5508198496 0.000 0.049
KQRRPvKB 3721778656 0.001 0.0165
KQRRPvKN 3380651552 0.001 0.0162
KQRRPvKP 1845945760 0.008 0.0527
KQRRPvKQ 18289627232 0.001 0.288
KQRRPvKR 5203888992 0.004 0.056
KQRRRvKP 1406086496 0.000 0.0534
KRBBBvKP 4760489632 0.000 0.176
KRBBNvKP 11354372832 0.000 0.12
KRBBPvKB 6270840864 0.002 0.16
KRBBPvKN 3631751072 0.002 0.085
KRBBPvKP 5958180448 0.007 0.159
KRBBPvKQ 115384570272 0.013 0.7
KRBBPvKR 8348113760 0.013 0.226
KRBNNvKP 12196676832 0.000 0.135
KRBNPvKB 7120330144 0.007 0.0653
KRBNPvKN 6134029344 0.004 0.051
KRBNPvKP 11430627040 0.016 0.168
KRBNPvKQ 221816320352 0.046 0.725
KRBNPvKR 16692071520 0.047 0.214
KRBPPvKB 1865140960 0.151 0.133
KRBPPvKN 1292692704 0.084 0.0746
KRBPPvKP 3906318560 0.208 0.229
KRBPPvKQ 58537382688 0.177 0.762
KRBPPvKR 5662071520 0.711 0.262
KRNNNvKP 4378895648 0.000 0.159
KRNNPvKB 4208124960 0.001 0.122
KRNNPvKN 4139773344 0.001 0.124
KRNNPvKP 6546796320 0.003 0.186
KRNNPvKQ 98051005216 0.012 0.702
KRNNPvKR 13132753504 0.010 0.304
KRNPPvKB 1564380512 0.075 0.125
KRNPPvKN 1386382688 0.059 0.0978
KRNPPvKP 4380418208 0.123 0.25
KRNPPvKQ 70310587552 0.130 0.793
KRNPPvKR 7393596128 0.540 0.292
KRPPPvKB 438259552 0.221 0.152
KRPPPvKN 334094624 0.177 0.113
KRPPPvKP 1242018592 0.546 0.325
KRPPPvKQ 16309842848 0.157 0.846
KRPPPvKR 2448298720 2.309 0.448
KRRBBvKP 4546768544 0.000 0.0727
KRRBNvKP 8384648800 0.000 0.0736
KRRBPvKB 3706044384 0.002 0.0231
KRRBPvKN 3479005920 0.001 0.0146
KRRBPvKP 3449536928 0.009 0.0868
KRRBPvKQ 65747258912 0.015 0.516
KRRBPvKR 6299336672 0.014 0.0986
KRRNNvKP 4173302752 0.000 0.0832
KRRNPvKB 3515095712 0.002 0.0216
KRRNPvKN 3403415136 0.001 0.0158
KRRNPvKP 3615030496 0.005 0.0974
KRRNPvKQ 72546075680 0.011 0.571
KRRNPvKR 6465353952 0.009 0.124
KRRPPvKB 883687712 0.015 0.0216
KRRPPvKN 835862560 0.013 0.0144
KRRPPvKP 1592008672 0.059 0.146
KRRPPvKQ 33738375008 0.100 0.726
KRRPPvKR 2115046944 0.234 0.155
KRRRBvKP 2479431200 0.000 0.046
KRRRNvKP 2294303264 0.000 0.0476
KRRRPvKB 1608879072 0.000 0.0141
KRRRPvKN 1444111072 0.000 0.0135
KRRRPvKP 905677728 0.000 0.0677
KRRRPvKQ 14618829984 0.000 0.429
KRRRPvKR 2135435616 0.000 0.0703
KRRRRvKP 444180704 0.000 0.0474
KBBBBvKB 1406659424 0.000 0.492
KBBBBvKN 1071279584 0.000 0.376
KBBBBvKQ 2555624672 0.000 0.692
KBBBBvKR 1796135264 0.000 0.411
KBBBNvKB 6695173024 0.000 0.398
KBBBNvKN 5475424352 0.000 0.143
KBBBNvKQ 13714943904 0.000 0.721
KBBBNvKR 13390600800 0.000 0.375
KBBNNvKB 11441807584 0.000 0.213
KBBNNvKN 7829278432 0.000 0.0616
KBBNNvKQ 15429198432 0.000 0.705
KBBNNvKR 21354082400 0.000 0.432
KBNNNvKB 7472904800 0.000 0.146
KBNNNvKN 6131637280 0.000 0.0924
KBNNNvKQ 13528792480 0.000 0.719
KBNNNvKR 13153188832 0.000 0.477
KNNNNvKB 2188331488 0.000 0.217
KNNNNvKN 1867153632 0.000 0.129
KNNNNvKQ 2617217184 0.000 0.655
KNNNNvKR 3043389600 0.000 0.491
KQBBBvKB 2047684832 0.000 0.219
KQBBBvKN 1443716512 0.000 0.148
KQBBBvKQ 5666327904 0.000 0.473
KQBBBvKR 2145996384 0.000 0.195
KQBBNvKB 4503270368 0.000 0.148
KQBBNvKN 2867674784 0.000 0.0324
KQBBNvKQ 13646006560 0.000 0.484
KQBBNvKR 5385799712 0.000 0.211
KQBNNvKB 3841151648 0.000 0.0579
KQBNNvKN 3537792544 0.000 0.0422
KQBNNvKQ 16049583520 0.000 0.5
KQBNNvKR 6971056224 0.000 0.282
KQNNNvKB 1514102496 0.000 0.129
KQNNNvKN 1271474464 0.000 0.0814
KQNNNvKQ 7135705120 0.000 0.484
KQNNNvKR 3065663136 0.000 0.308
KQQBBvKB 1100549152 0.000 0.0178
KQQBBvKN 1088040032 0.000 0.0238
KQQBBvKQ 2286279456 0.000 0.18
KQQBBvKR 1307852384 0.000 0.0433
KQQBNvKB 2196738976 0.000 0.0147
KQQBNvKN 2136653856 0.000 0.0204
KQQBNvKQ 4384124640 0.000 0.178
KQQBNvKR 2563965344 0.000 0.044
KQQNNvKB 1279650144 0.000 0.0164
KQQNNvKN 1234237280 0.000 0.0238
KQQNNvKQ 2630670432 0.000 0.215
KQQNNvKR 1542666272 0.000 0.0528
KQQQBvKB 447838752 0.000 0.0247
KQQQBvKN 391745632 0.000 0.0302
KQQQBvKQ 1065601312 0.000 0.155
KQQQBvKR 557147552 0.000 0.0366
KQQQNvKB 432740256 0.000 0.0235
KQQQNvKN 399371680 0.000 0.0266
KQQQNvKQ 1051828576 0.000 0.153
KQQQNvKR 526526048 0.000 0.0369
KQQQQvKB 74402080 0.000 0.0358
KQQQQvKN 69135712 0.000 0.0409
KQQQQvKQ 225104992 0.000 0.156
KQQQQvKR 100045472 0.000 0.035
KQQQRvKB 347661280 0.000 0.033
KQQQRvKN 322994144 0.000 0.0356
KQQQRvKQ 960021088 0.000 0.156
KQQQRvKR 438716896 0.000 0.0351
KQQRBvKB 1775749792 0.000 0.0218
KQQRBvKN 1678172320 0.000 0.0245
KQQRBvKQ 3823593312 0.000 0.161
KQQRBvKR 2048180000 0.000 0.0401
KQQRNvKB 1856109664 0.000 0.0203
KQQRNvKN 1773332448 0.000 0.0215
KQQRNvKQ 3806310752 0.000 0.161
KQQRNvKR 2126986592 0.000 0.0427
KQQRRvKB 717255840 0.000 0.0297
KQQRRvKN 666882080 0.000 0.0306
KQQRRvKQ 1671567456 0.000 0.156
KQQRRvKR 859758816 0.000 0.0384
KQRBBvKB 2872638816 0.000 0.025
KQRBBvKN 2653825952 0.000 0.0209
KQRBBvKQ 8086319776 0.000 0.328
KQRBBvKR 3191684512 0.000 0.0656
KQRBNvKB 5480760480 0.000 0.0193
KQRBNvKN 5117528416 0.000 0.0176
KQRBNvKQ 15830376800 0.000 0.337
KQRBNvKR 6604816608 0.000 0.0696
KQRNNvKB 3146100960 0.000 0.0269
KQRNNvKN 3274300384 0.000 0.0246
KQRNNvKQ 9037965088 0.000 0.367
KQRNNvKR 3791109792 0.000 0.0911
KQRRBvKB 2515421152 0.000 0.0188
KQRRBvKN 2461760608 0.000 0.0196
KQRRBvKQ 5342055456 0.000 0.187
KQRRBvKR 3032775456 0.000 0.0491
KQRRNvKB 2300342112 0.000 0.0172
KQRRNvKN 2164764320 0.000 0.0173
KQRRNvKQ 7485437216 0.000 0.201
KQRRNvKR 2860401760 0.000 0.0536
KQRRRvKB 583586528 0.000 0.0261
KQRRRvKN 547962208 0.000 0.0259
KQRRRvKQ 1355863776 0.000 0.169
KQRRRvKR 719986400 0.000 0.0452
KRBBBvKB 4545571808 0.000 0.22
KRBBBvKN 2955141280 0.000 0.145
KRBBBvKQ 10039835808 0.000 0.593
KRBBBvKR 4917297376 0.000 0.204
KRBBNvKB 12788116448 0.000 0.15
KRBBNvKN 8656125024 0.000 0.0326
KRBBNvKQ 41352085664 0.000 0.605
KRBBNvKR 16106886880 0.000 0.219
KRBNNvKB 12033974880 0.000 0.0631
KRBNNvKN 10476846752 0.000 0.0429
KRBNNvKQ 40324060384 0.001 0.617
KRBNNvKR 18634617504 0.000 0.288
KRNNNvKB 4586785760 0.000 0.13
KRNNNvKN 4010609568 0.000 0.0817
KRNNNvKQ 11714571168 0.000 0.594
KRNNNvKR 6980967584 0.000 0.316
KRRBBvKB 3419865888 0.000 0.0294
KRRBBvKN 2986807904 0.000 0.0197
KRRBBvKQ 11884442464 0.000 0.43
KRRBBvKR 4000367968 0.000 0.0856
KRRBNvKB 5935106144 0.000 0.0226
KRRBNvKN 5206913760 0.000 0.0164
KRRBNvKQ 24423617184 0.000 0.447
KRRBNvKR 7938305312 0.000 0.0916
KRRNNvKB 3250741344 0.000 0.0327
KRRNNvKN 2958339744 0.000 0.026
KRRNNvKQ 14370509472 0.000 0.474
KRRNNvKR 4754763744 0.000 0.119
KRRRBvKB 1281286944 0.000 0.016
KRRRBvKN 1175366880 0.000 0.0158
KRRRBvKQ 4369964192 0.000 0.235
KRRRBvKR 1772964832 0.000 0.0623
KRRRNvKB 1251467104 0.000 0.0143
KRRRNvKN 1161976352 0.000 0.0143
KRRRNvKQ 4488944608 0.000 0.269
KRRRNvKR 1722656736 0.000 0.0685
KRRRRvKB 235515296 0.000 0.0223
KRRRRvKN 213712224 0.000 0.022
KRRRRvKQ 742610464 0.000 0.205
KRRRRvKR 294741280 0.000 0.0564
KBBBBPvK 535613024 0.000 0.119
KBBBNPvK 1238399648 0.000 0.0597
KBBBPPvK 298289504 0.000 0.0609
KBBNNPvK 1642465824 0.000 0.0506
KBBNPPvK 778684384 0.002 0.0438
KBBPPPvK 147807392 0.010 0.0407
KBNNNPvK 936651040 0.000 0.0456
KBNNPPvK 640855136 0.001 0.0379
KBNPPPvK 249227616 0.019 0.0325
KBPPPPvK 43053536 0.050 0.0297
KNNNNPvK 211158880 0.000 0.0422
KNNNPPvK 185772000 0.000 0.0339
KNNPPPvK 115408160 0.005 0.0277
KNPPPPvK 37163680 0.035 0.0233
KPPPPPvK 5373664 0.023 0.0209
KQBBBPvK 1689194144 0.000 0.114
KQBBNPvK 4540148512 0.000 0.104
KQBBPPvK 1102516192 0.003 0.0958
KQBNNPvK 4398996192 0.000 0.0964
KQBNPPvK 1900793376 0.010 0.0875
KQBPPPvK 400178144 0.043 0.0795
KQNNNPvK 1365048736 0.000 0.0895
KQNNPPvK 873387872 0.001 0.0801
KQNPPPvK 340450272 0.025 0.0714
KQPPPPvK 54750560 0.077 0.0632
KQQBBPvK 2693362592 0.000 0.151
KQQBNPvK 4731988960 0.001 0.144
KQQBPPvK 1429854816 0.008 0.136
KQQNNPvK 2294028832 0.000 0.138
KQQNPPvK 1204268128 0.004 0.129
KQQPPPvK 286191520 0.014 0.119
KQQQBPvK 1814747616 0.000 0.18
KQQQNPvK 1616364704 0.000 0.175
KQQQPPvK 570493152 0.000 0.168
KQQQQPvK 467621280 0.000 0.196
KQQQRPvK 1688746144 0.000 0.186
KQQRBPvK 5320447072 0.001 0.161
KQQRNPvK 4877978464 0.001 0.155
KQQRPPvK 1482149024 0.005 0.146
KQQRRPvK 2465418528 0.000 0.169
KQRBBPvK 5310357536 0.000 0.125
KQRBNPvK 9407002080 0.002 0.118
KQRBPPvK 2365198496 0.023 0.107
KQRNNPvK 4496600608 0.000 0.11
KQRNPPvK 2108724576 0.013 0.0994
KQRPPPvK 429629280 0.042 0.0881
KQRRBPvK 5196956576 0.001 0.136
KQRRNPvK 4670536416 0.001 0.13
KQRRPPvK 1228210464 0.006 0.117
KQRRRPvK 1510083744 0.000 0.145
KRBBBPvK 2082120992 0.000 0.0822
KRBBNPvK 5279077280 0.000 0.0722
KRBBPPvK 920396832 0.005 0.0631
KRBNNPvK 4610832864 0.000 0.0655
KRBNPPvK 1616240480 0.013 0.0556
KRBPPPvK 302516448 0.067 0.0466
KRNNNPvK 1343408864 0.000 0.0601
KRNNPPvK 719941664 0.002 0.0499
KRNPPPvK 260072608 0.042 0.0403
KRPPPPvK 40565280 0.081 0.0308
KRRBBPvK 2522740192 0.000 0.0935
KRRBNPvK 4537995168 0.001 0.086
KRRBPPvK 949897504 0.007 0.0732
KRRNNPvK 2136863328 0.000 0.0797
KRRNPPvK 825983776 0.003 0.0666
KRRPPPvK 146257696 0.024 0.0523
KRRRBPvK 1561604448 0.000 0.105
KRRRNPvK 1433757728 0.000 0.0981
KRRRPPvK 305946080 0.000 0.0814
KRRRRPvK 318956192 0.000 0.113
KBBBBBvK 324295456 0.000 0.279
KBBBBNvK 1472106528 0.000 0.101
KBBBNNvK 3236037536 0.000 0.0661
KBBNNNvK 3263919648 0.000 0.06
KBNNNNvK 1435226208 0.000 0.0554
KNNNNNvK 292539360 0.000 0.0524
KQBBBBvK 524909408 0.000 0.148
KQBBBNvK 1524576992 0.000 0.121
KQBBNNvK 2897631840 0.000 0.113
KQBNNNvK 1878707424 0.000 0.106
KQNNNNvK 549154144 0.000 0.0997
KQQBBBvK 764742560 0.000 0.165
KQQBBNvK 1705225120 0.000 0.159
KQQBNNvK 1858532832 0.000 0.153
KQQNNNvK 887496864 0.000 0.147
KQQQBBvK 595934880 0.000 0.19
KQQQBNvK 852331872 0.000 0.186
KQQQNNvK 653778464 0.000 0.182
KQQQQBvK 160187104 0.000 0.202
KQQQQNvK 168698784 0.000 0.201
KQQQQQvK 39983520 0.000 0.201
KQQQQRvK 150201568 0.000 0.202
KQQQRBvK 743888032 0.000 0.195
KQQQRNvK 761464032 0.000 0.192
KQQQRRvK 511820320 0.000 0.197
KQQRBBvK 1528986848 0.000 0.175
KQQRBNvK 3065328224 0.000 0.17
KQQRNNvK 1665046752 0.000 0.164
KQQRRBvK 1360823136 0.000 0.182
KQQRRNvK 1391612448 0.000 0.178
KQQRRRvK 569139104 0.000 0.186
KQRBBBvK 1418884768 0.000 0.143
KQRBBNvK 4212100320 0.000 0.135
KQRBNNvK 4608070432 0.000 0.128
KQRNNNvK 1606460448 0.000 0.121
KQRRBBvK 1997799136 0.000 0.154
KQRRBNvK 3564840544 0.000 0.147
KQRRNNvK 2177620640 0.000 0.141
KQRRRBvK 997738400 0.000 0.163
KQRRRNvK 967564000 0.000 0.157
KQRRRRvK 202454688 0.000 0.168
KRBBBBvK 1051172512 0.000 0.121
KRBBBNvK 3825933728 0.000 0.0902
KRBBNNvK 6211798816 0.000 0.0825
KRBNNNvK 4100479776 0.000 0.0762
KRNNNNvK 1091036512 0.000 0.0711
KRRBBBvK 1688987552 0.000 0.113
KRRBBNvK 4245992736 0.000 0.105
KRRBNNvK 4787412640 0.000 0.0983
KRRNNNvK 1859922912 0.000 0.0923
KRRRBBvK 1311752352 0.000 0.126
KRRRBNvK 1988793248 0.000 0.119
KRRRNNvK 1331718880 0.000 0.113
KRRRRBvK 317521888 0.000 0.135
KRRRRNvK 304291424 0.000 0.13
KRRRRRvK 53366240 0.000 0.142
